

Run 7:  อา. เม.ย. ๐๗ ๒๑:๓๔:๕๒ ๒๐๒๔.  SL65a9b7de.
        Em version 18.53-Lite (64-bit Windows) on LAPTOP-US4A9UTJ local.

  Project:  D:\HW EEKU\Lab Commu\ProjectLab\cutoff_F2_p1.son.

    Begin circuit-theory simulation using frequency sweep:
      Linear Start = 0.1, Stop = 3, Step = 0.1 GHZ

    Frequency:  0.1 GHz

      S-Parameters. 50 Ohm Port Terminations.
      Magnitude/Angle. Touchstone Format. (S11 S21 S12 S22).
      0.10000000 0.082609 70.628 0.996582 -17.49 0.996582 -17.49 0.082609 74.394

    Frequency:  0.2 GHz
      0.20000000 0.152932 51.331 0.988237 -34.73 0.988237 -34.73 0.152932 59.201

    Frequency:  0.3 GHz
      0.30000000 0.201517 31.981 0.979485 -51.64 0.979485 -51.64 0.201517 44.742

    Frequency:  0.4 GHz
      0.40000000 0.222606 12.079 0.974909 -68.31 0.974909 -68.31 0.222606 31.297

    Frequency:  0.5 GHz
      0.50000000 0.213457 -9.493 0.976953 -85.03 0.976953 -85.03 0.213457 19.428

    Frequency:  0.6 GHz
      0.60000000 0.174453 -35.40 0.984665 -102.1 0.984665 -102.1 0.174453 11.127

    Frequency:  0.7 GHz
      0.70000000 0.114993 -74.83 0.993366 -119.9 0.993366 -119.9 0.114993 15.085

    Frequency:  0.8 GHz
      0.80000000 0.089959 -153.3 0.995946 -138.3 0.995946 -138.3 0.089959 56.808

    Frequency:  0.9 GHz
      0.90000000 0.162312 143.42 0.986740 -157.0 0.986740 -157.0 0.162312 82.582

    Frequency:  1 GHz
      1.00000000 0.257637 108.93 0.966242 -175.6 0.966242 -175.6 0.257637 79.832

    Frequency:  1.1 GHz
      1.10000000 0.335516 81.922 0.942035 166.22 0.942035 166.22 0.335516 70.513

    Frequency:  1.2 GHz
      1.20000000 0.380640 56.414 0.924723 148.39 0.924723 148.39 0.380640 60.375

    Frequency:  1.3 GHz
      1.30000000 0.385573 28.594 0.922677 130.24 0.922677 130.24 0.385573 51.889

    Frequency:  1.4 GHz
      1.40000000 0.350249 -7.760 0.936656 110.51 0.936656 110.51 0.350249 48.778

    Frequency:  1.5 GHz
      1.50000000 0.315463 -64.58 0.948938 87.597 0.948938 87.597 0.315463 59.773

    Frequency:  1.6 GHz
      1.60000000 0.413329 -135.2 0.910582 60.872 0.910582 60.872 0.413329 76.982

    Frequency:  1.7 GHz
      1.70000000 0.623778 172.30 0.781602 33.148 0.781602 33.148 0.623778 73.993

    Frequency:  1.8 GHz
      1.80000000 0.793999 136.77 0.607919 9.1927 0.607919 9.1927 0.793999 61.611

    Frequency:  1.9 GHz
      1.90000000 0.889435 112.13 0.457062 -9.261 0.457062 -9.261 0.889435 49.349

    Frequency:  2 GHz
      2.00000000 0.937675 94.422 0.347514 -23.24 0.347514 -23.24 0.937675 39.089

    Frequency:  2.1 GHz
      2.10000000 0.962390 81.083 0.271671 -34.18 0.271671 -34.18 0.962390 30.558

    Frequency:  2.2 GHz
      2.20000000 0.975714 70.558 0.219047 -43.10 0.219047 -43.10 0.975714 23.250

    Frequency:  2.3 GHz
      2.30000000 0.983313 61.919 0.181921 -50.65 0.181921 -50.65 0.983313 16.773

    Frequency:  2.4 GHz
      2.40000000 0.987874 54.596 0.155259 -57.27 0.155259 -57.27 0.987874 10.857

    Frequency:  2.5 GHz
      2.50000000 0.990729 48.228 0.135851 -63.23 0.135851 -63.23 0.990729 5.3116

    Frequency:  2.6 GHz
      2.60000000 0.992575 42.570 0.121636 -68.72 0.121636 -68.72 0.992575 0.0000

    Frequency:  2.7 GHz
      2.70000000 0.993790 37.453 0.111270 -73.87 0.111270 -73.87 0.993790 -5.190

    Frequency:  2.8 GHz
      2.80000000 0.994591 32.756 0.103873 -78.79 0.103873 -78.79 0.994591 -10.34

    Frequency:  2.9 GHz
      2.90000000 0.995101 28.388 0.098868 -83.58 0.098868 -83.58 0.995101 -15.54

    Frequency:  3 GHz
      3.00000000 0.995392 24.278 0.095893 -88.29 0.095893 -88.29 0.995392 -20.86
      Em errors detected: 0    Em warnings detected: 0.

Em simulation completed อา. เม.ย. ๐๗ ๒๑:๓๔:๕๒ ๒๐๒๔.