

Run 2:  ศ. เม.ย. ๑๙ ๐๙:๓๓:๐๙ ๒๐๒๔.  SL65a9b7de.
        Em version 18.53-Lite (64-bit Windows) on LAPTOP-US4A9UTJ local.

  Project:  D:\HW EEKU\Lab Commu\Remake_ver3\filter_cut_off_100_3dB.son.

    Begin circuit-theory simulation using frequency sweep:
      Linear Start = 0.1, Stop = 3, Step = 0.1 GHZ

    Frequency:  0.1 GHz

      S-Parameters. 50 Ohm Port Terminations.
      Magnitude/Angle. Touchstone Format. (S11 S21 S12 S22).
      0.10000000 0.187122 66.041 0.982337 -26.82 0.982337 -26.82 0.187122 60.317

    Frequency:  0.2 GHz
      0.20000000 0.330921 43.489 0.943659 -52.14 0.943659 -52.14 0.330921 32.229

    Frequency:  0.3 GHz
      0.30000000 0.413444 22.544 0.910530 -75.64 0.910530 -75.64 0.413444 6.1692

    Frequency:  0.4 GHz
      0.40000000 0.433856 2.2261 0.900982 -98.13 0.900982 -98.13 0.433856 -18.48

    Frequency:  0.5 GHz
      0.50000000 0.390733 -19.21 0.920504 -120.9 0.920504 -120.9 0.390733 -42.67

    Frequency:  0.6 GHz
      0.60000000 0.276195 -44.58 0.961102 -145.5 0.961102 -145.5 0.276195 -66.41

    Frequency:  0.7 GHz
      0.70000000 0.093304 -89.22 0.995638 -172.6 0.995638 -172.6 0.093304 -75.91

    Frequency:  0.8 GHz
      0.80000000 0.156022 108.60 0.987754 158.89 0.987754 158.89 0.156022 29.181

    Frequency:  0.9 GHz
      0.90000000 0.354795 72.636 0.934944 131.45 0.934944 131.45 0.354795 10.271

    Frequency:  1 GHz
      1.00000000 0.480652 46.092 0.876911 106.66 0.876911 106.66 0.480652 -12.76

    Frequency:  1.1 GHz
      1.10000000 0.523635 21.446 0.851943 83.717 0.851943 83.717 0.523635 -34.01

    Frequency:  1.2 GHz
      1.20000000 0.475889 -6.781 0.879506 59.985 0.879506 59.985 0.475889 -53.25

    Frequency:  1.3 GHz
      1.30000000 0.307327 -54.37 0.951604 31.169 0.951604 31.169 0.307327 -63.29

    Frequency:  1.4 GHz
      1.40000000 0.281784 177.21 0.959478 -6.459 0.959478 -6.459 0.281784 -10.12

    Frequency:  1.5 GHz
      1.50000000 0.642137 106.63 0.766590 -45.18 0.766590 -45.18 0.642137 -16.99

    Frequency:  1.6 GHz
      1.60000000 0.842748 71.924 0.538309 -73.45 0.538309 -73.45 0.842748 -38.82

    Frequency:  1.7 GHz
      1.70000000 0.921506 50.732 0.388363 -92.55 0.388363 -92.55 0.921506 -55.83

    Frequency:  1.8 GHz
      1.80000000 0.953882 36.033 0.300182 -106.5 0.300182 -106.5 0.953882 -69.12

    Frequency:  1.9 GHz
      1.90000000 0.968588 24.669 0.248672 -117.8 0.248672 -117.8 0.968588 -80.25

    Frequency:  2 GHz
      2.00000000 0.975600 15.116 0.219556 -127.5 0.219556 -127.5 0.975600 -90.16

    Frequency:  2.1 GHz
      2.10000000 0.978599 6.5430 0.205777 -136.5 0.205777 -136.5 0.978599 -99.47

    Frequency:  2.2 GHz
      2.20000000 0.978875 -1.582 0.204459 -145.1 0.204459 -145.1 0.978875 -108.6

    Frequency:  2.3 GHz
      2.30000000 0.976458 -9.679 0.215708 -153.9 0.215708 -153.9 0.976458 -118.2

    Frequency:  2.4 GHz
      2.40000000 0.970069 -18.18 0.242830 -163.5 0.242830 -163.5 0.970069 -128.7

    Frequency:  2.5 GHz
      2.50000000 0.955721 -27.65 0.294275 -174.6 0.294275 -174.6 0.955721 -141.5

    Frequency:  2.6 GHz
      2.60000000 0.921376 -39.02 0.388674 171.10 0.388674 171.10 0.921376 -158.8

    Frequency:  2.7 GHz
      2.70000000 0.827255 -53.66 0.561827 149.88 0.561827 149.88 0.827255 173.42

    Frequency:  2.8 GHz
      2.80000000 0.574158 -67.82 0.818744 115.08 0.818744 115.08 0.574158 117.97

    Frequency:  2.9 GHz
      2.90000000 0.402396 -43.26 0.915466 69.923 0.915466 69.923 0.402396 3.1042

    Frequency:  3 GHz
      3.00000000 0.573637 -40.37 0.819110 34.527 0.819110 34.527 0.573637 -70.57
      Em errors detected: 0    Em warnings detected: 0.

Em simulation completed ศ. เม.ย. ๑๙ ๐๙:๓๓:๐๙ ๒๐๒๔.